1649
1378
954
379
1191
2977
848
728
662
1057
1163
325
1154
1955
1365
959
2163
874
1091
1899
2731
1883
2575
2282
281
862
2260
1912
431
1291
1905
1126
389
172
24
824
646
2511
1645
1069
1962
1332
442
995
1632
600
1875
2763
1914
1489
478
1206
1182
108
451
1680
2055
527
1612
576
55
2405
144
944
2414
738
810
2869
1911
2376
1061
450
1823
1630
2279
1477
1451
2551
522
1838
1678
2999
2323
1432
927
1103
2227
2375
435
1317
636
2329
1341
1755
1321
251
1207
621
2927
1843
22
398
2445
2211
18
968
1111
1333
1637
928
1708
1516
105
72
1045
2568
1327
2300
2636
297
1967
2246
1446
2630
2267
1392
1260
2621
2864
1889
1960
2698
2525
873
1703
1264
1313
2110
634
1237
375
2498
2803
498
932
2290
402
1735
1200
1981
2087
1094
2715
1089
875
305
1165
2581
1042
156
147
2541
2088
444
1991
920
1945
2625
2304
1209
2461
139
267
2801
1695
2038
1829
749
2852
2714
2702
2844
472
707
946
2489
2106
414
2339
2972
1562
1118
1892
2
2297
90
2140
756
2346
1422
2433
2516
1821
30
994
1507
2229
533
2342
512
67
1466
262
2193
2042
2180
1004
975
866
1631
2957
615
622
1438
2759
770
1426
2435
871
1884
169
1101
2299
1613
1684
2170
2816
2120
162
1160
2546
868
1066
896
1383
1659
643
713
2635
396
2222
2960
1415
2250
1297
747
381
851
2997
1832
2479
1795
2724
663
439
2729
1904
2428
21
2391
1779
2035
1498
2473
1359
574
218
2102
1338
942
2880
2622
1226
1780
1205
504
2756
2452
617
2937
279
2679
1714
653
2378
1700
971
1114
2133
2051
1777
1485
2833
774
2961
1636
1616
2066
1212
249
158
2331
1709
558
1611
1167
2825
349
754
2061
1677
827
1480
2270
2327
2252
199
604
1390
438
1710
981
2352
404
2336
1093
2402
1785
846
1230
2091
706
514
2427
1342
822
1964
1855
2263
1202
567
2058
1519
701
592
1966
1335
671
2183
2316
819
2089
1534
1591
914
304
138
672
955
2415
839
427
1672
2512
1218
205
912
2830
997
730
2492
200
160
1482
1934
1980
1705
1265
1951
1728
1233
425
1115
1471
1841
1993
699
302
2101
2009
178
87
2791
1571
2739
1130
1179
1354
1411
1065
2994
2921
1863
2147
485
588
1
2570
2627
722
631
1290
242
1869
806
861
238
2019
2955
2367
564
370
225
271
943
207
2368
2062
95
135
1059
1407
110
223
2063
2885
46
1328
1638
801
1223
2699
14
577
1494
1357
2897
2347
1187
2882
400
625
697
2200
1675
1546
2217
1203
767
2704
482
2074
1268
1800
2835
629
505
428
2496
2566
2895
2915
455
2449
590
2095
2004
1497
897
992
972
2441
717
2783
2198
916
2333
825
2073
614
2390
2640
48
2743
899
374
2206
880
121
1142
1938
1360
2403
157
804
2044
2691
136
950
2873
1257
2903
1161
526
1324
1925
1828
317
2780
2159
191
1879
2113
1644
2971
1190
462
2187
2056
1261
2794
1674
1208
1873
1791
2728
26
474
1016
106
991
2840
2248
465
2078
1716
1096
2154
2587
802
1041
2958
1068
1512
2430
867
1511
2474
1560
1366
907
2748
821
2249
945
1788
54
2626
2251
293
2082
2266
2016
2495
2255
2658
1146
1144
1806
541
1513
1243
2190
2272
240
2269
2599
758
2519
2819
869
2886
1521
2900
2286
2191
1083
1946
1364
2404
1794
2470
1149
732
2303
1973
637
263
1897
2348
1173
602
2503
118
2688
2676
1557
2528
2936
2351
961
2372
2985
669
963
668
2447
658
66
2800
777
2567
682
1184
753
2968
1136
962
755
408
2138
182
837
575
687
1864
661
1459
1811
1542
1156
2745
2931
2941
421
725
2808
1978
910
1626
13
2027
1153
915
579
689
973
1968
2450
83
2919
2722
2345
2237
368
2057
36
2077
784
143
1643
2448
1693
2032
982
2888
2130
1618
1750
126
1133
1385
1865
2310
29
635
1647
308
417
2564
1386
1518
926
511
2666
1642
1472
1008
1974
1174
241
198
117
887
664
2617
2312
321
2871
958
1603
1285
1544
850
607
2659
326
464
292
2721
1701
655
2942
1668
2799
416
2890
1399
173
1278
2440
4
2706
75
1804
1196
492
610
93
1792
2314
350
1088
542
2610
2362
2765
2663
2481
1625
2720
2436
1760
2588
1876
761
2612
829
184
1347
2879
2703
1465
1704
1555
2982
114
2109
313
976
2184
667
2125
1833
986
1158
2001
1857
2910
1927
1323
334
1090
1970
2553
1112
696
2719
1845
546
727
1454
2514
2194
453
2343
2169
1373
2529
2696
2429
1001
2380
1299
2842
77
893
1447
1826
1712
800
1510
1379
1543
2795
1527
1719
1872
1582
2317
371
1734
88
1928
2034
1556
1589
2070
1478
1959
652
2580
1796
772
391
1641
2293
2006
2160
1763
446
559
1739
2188
208
1609
1596
2637
1250
2868
878
2749
705
201
1193
2175
2235
1740
494
2989
695
854
2834
1281
703
2485
291
2862
2467
128
645
1302
1732
418
1340
2623
2670
2307
2127
551
1044
853
1983
1921
909
406
1141
757
691
2650
2538
876
1014
990
2292
860
1380
73
69
2420
1681
1445
2457
1025
708
1124
2358
1881
1316
2033
2841
221
1038
2624
1733
2284
2629
2732
329
2315
174
979
2806
445
2014
1856
1314
316
2978
654
1933
1814
2468
1289
619
2487
2431
1958
2360
1311
1192
149
2735
2176
1770
2701
795
56
2867
1816
1778
330
1214
2656
2887
1439
2579
405
1005
2535
2673
670
469
2045
858
1715
2453
1040
1725
628
71
2115
2028
2980
799
1440
521
1030
1259
1954
1598
1462
2020
641
1620
161
2393
1095
2944
1558
2986
2321
2164
2041
2712
2683
1306
1483
1413
58
1371
1436
429
1673
2734
1621
1023
2356
89
2539
2771
248
2725
627
998
2754
253
1977
2223
2655
1280
1937
2520
1222
2727
1201
2682
1839
23
2634
2846
1706
1670
2660
523
2392
2000
1846
2123
1186
852
1533
2384
1273
1060
1965
970
1496
789
1015
1984
1720
2606
2933
593
647
977
1931
1293
2822
70
1100
2674
168
2080
2124
984
2956
209
2181
2939
2611
739
397
1374
2770
1180
1702
639
364
1936
595
1891
1249
782
2995
348
1747
856
1217
1244
150
1139
2804
1566
2892
1252
346
700
1301
1277
1862
2243
283
2583
124
331
620
1943
1808
2353
571
1074
473
1499
1944
1108
1394
1772
471
734
563
2966
964
812
834
1952
2171
2065
2013
2990
760
310
2363
1455
1073
589
356
2828
710
1084
1398
2373
2641
762
1840
624
141
1615
2870
1442
606
190
751
938
2043
171
1559
188
684
372
2907
2967
633
1476
547
1194
2118
1727
1825
1248
2242
2039
454
1458
2483
1515
2847
2326
1969
537
1400
2151
2608
2071
2973
1171
891
1852
1448
2105
2713
1997
2364
2527
720
1535
1729
2451
1765
1906
489
2917
1754
2979
230
1367
778
2438
1898
2889
1820
2694
2533
140
1076
154
212
552
584
1109
2488
1987
2792
1663
1581
2234
163
903
731
2501
2788
2081
2107
2155
152
1942
483
2395
232
1570
1506
2350
845
1880
109
1368
80
2829
127
177
1282
8
1847
2582
287
1903
2289
2291
1486
2377
1660
1298
0
2601
1102
170
568
1128
52
516
2628
7
1251
924
2022
2855
2002
1956
2258
2904
1210
2225
960
898
1283
2122
2708
690
2146
107
2278
2423
2744
2421
2497
2189
601
1817
1006
16
2439
148
91
952
1310
2132
656
1145
969
644
449
1536
1183
259
1430
726
202
735
1746
1758
86
2769
744
2247
2139
2600
1396
244
94
863
1427
1148
167
376
2909
918
2389
424
1493
2755
2158
2946
632
1011
1600
678
32
2760
1412
937
2419
1286
2811
1098
2797
2366
2212
2295
180
2394
2365
1027
1545
2197
2196
908
2531
2400
790
145
2204
2134
1887
507
2313
587
1836
675
500
2752
1428
882
2186
236
1152
1525
1896
1197
870
351
2432
1756
1691
1287
1151
1994
2475
1229
2591
1031
591
1619
64
2037
1246
1219
2121
1844
256
2775
2510
461
2548
1166
2506
2949
1834
666
2259
1940
1919
243
764
28
369
1326
2633
11
509
476
649
2593
2560
214
740
1322
2410
540
638
1437
1231
2781
1002
843
1029
2425
1488
1639
1666
940
2454
1573
2556
2555
300
1634
650
2652
2540
403
2572
2523
1859
1361
282
2068
847
1255
85
33
314
2413
470
2672
1502
2643
1177
1671
2409
1989
2355
2779
803
889
957
1270
2981
499
1711
530
2371
2076
2023
2934
785
269
2768
1377
2015
1353
1308
164
2545
2757
1939
1886
1635
1815
323
111
1481
159
1895
1082
1490
2736
2131
434
2962
1998
206
771
1099
2324
1909
923
1774
2684
791
2827
341
2823
1021
2596
2210
2784
388
2750
2003
260
1532
378
99
1402
79
1258
2464
557
2930
1418
1737
257
457
949
367
57
555
1140
1810
2590
2232
560
956
231
1781
1395
2117
660
1988
711
1529
1751
2940
1159
798
1467
2959
763
2145
2240
226
2914
411
2891
2963
1172
2386
807
554
2543
1300
1567
752
176
951
1599
2150
1902
2786
2969
25
2884
1176
1092
1195
2398
458
1924
1773
2562
294
2532
2923
2932
1949
922
2030
2589
1441
2632
1484
1979
729
1607
2737
1622
2773
122
2667
1456
2522
2614
2761
616
605
2226
1661
865
1614
2692
2129
97
133
1213
1713
447
1348
1279
572
1568
486
1019
210
2524
285
1081
345
2220
1312
6
1457
1389
322
2239
2505
81
1235
1425
1920
2298
1376
2859
1050
217
582
2964
1504
2271
1381
2096
626
1885
336
2277
246
1356
102
2678
1738
2490
311
185
864
2905
2050
213
1043
1085
1776
426
463
490
1220
573
2296
2766
2602
50
2577
1850
1028
2456
1854
1275
2161
816
2929
693
2257
2669
895
826
513
1953
1528
2991
134
1052
1032
642
2104
1679
1608
484
1802
543
544
2860
1654
289
2007
2639
432
788
1232
2993
2552
1769
1150
1520
2802
613
2607
1526
92
1726
2618
2185
2482
380
1537
1487
2086
2463
1349
935
1393
2789
2442
2707
1035
515
2984
2052
2466
333
63
1431
2824
830
2094
925
948
495
721
524
265
2675
373
1908
548
1064
651
452
2711
1538
1837
518
832
2785
189
2818
1288
51
1125
1157
2100
817
1741
1761
2578
1018
2530
2598
2849
2328
1215
1266
235
2854
723
2826
1541
392
1046
1665
272
1590
1798
2408
423
247
2518
835
430
362
741
2385
2774
360
2718
2508
1745
2084
306
335
2534
1181
2832
2513
917
529
1961
987
598
1602
623
1572
2079
2901
186
2916
775
2478
2097
1024
585
1315
2899
2025
2434
1594
187
2558
737
1346
890
2029
2416
1079
1097
68
561
1799
1072
2537
746
1731
1699
733
549
5
2455
1138
2918
1793
1294
2544
1554
1524
833
1274
2143
597
1640
2322
2172
503
936
2149
2494
1900
947
274
2925
211
2554
1595
2861
1131
2954
820
2877
1768
488
1086
1748
1453
813
76
1517
1225
1827
2162
1329
98
96
1345
1216
2018
303
2471
2705
2609
2443
2285
2142
1048
2209
2697
328
2983
385
906
2922
1272
298
2119
989
2287
1669
1474
1199
1382
2325
2653
1387
2273
2597
1325
460
2878
2928
1170
245
1129
2305
556
1228
2685
2112
3
1375
62
1247
197
794
1351
618
2396
183
2114
2047
1409
2987
550
261
153
2913
941
192
1767
1822
2179
939
437
715
1569
2031
2480
2563
2141
1078
1227
1976
2948
580
1907
2876
2499
1717
1694
2965
2992
31
175
1813
1744
290
1344
487
10
1787
594
930
1137
312
1592
2943
2695
1303
2098
677
2790
1992
115
2361
759
1749
1037
2458
1198
1271
609
250
1736
2153
1421
2809
1404
1576
165
787
2814
2244
2214
255
766
883
1624
1550
2798
216
2796
481
1851
496
497
387
1565
1941
2810
1204
2573
2203
2521
1651
2851
535
884
394
1330
1339
2787
2103
999
1913
1000
779
220
1926
2318
2815
1893
2182
2090
2422
2604
985
266
859
2477
877
1022
881
2998
531
2595
2152
1650
2574
383
2201
1169
2738
1433
2585
2836
2060
2213
1419
2083
1464
448
1253
358
1033
384
1824
900
233
1352
528
2156
309
468
1610
2306
1121
1721
2320
2772
714
1667
2945
1971
2549
1878
34
1188
2192
2723
195
1460
2953
1805
137
517
2128
1580
467
1972
608
2975
1500
2631
120
1801
2717
1267
716
339
1470
493
844
1707
116
1388
659
2594
1132
203
2817
902
1790
2388
273
2821
142
1034
2048
1890
993
2875
1563
885
2067
718
709
921
2024
688
1143
1882
2881
2857
9
1698
204
1070
694
410
2126
2976
2011
2661
1549
2166
536
2264
538
1985
1236
1178
797
1730
2988
2571
1017
1241
2026
1020
2444
1049
2493
47
2687
2569
1010
2863
2920
2338
2777
1370
679
2046
332
1007
491
315
1782
2111
123
2906
2005
2069
2274
2412
815
1688
1256
1162
2469
712
2215
415
1450
565
1849
1416
1853
399
101
1789
953
1119
82
1831
2726
934
1803
793
196
1295
146
2010
2974
1080
2778
1175
320
1036
1391
1262
745
692
1134
519
2399
1452
781
879
2072
2680
1123
366
2741
2335
1718
1606
1067
1305
892
1334
2746
1026
2820
1292
2507
1449
112
2689
2208
1304
268
2758
181
978
1211
2337
49
2085
2370
1429
1922
2354
215
2281
440
1918
1443
2646
640
1830
2550
194
2502
2254
352
748
2228
1996
2407
1107
1617
674
2064
1548
1628
2093
45
2283
2866
814
60
2382
1168
363
327
234
1318
1764
2406
1753
1077
2850
743
2379
407
823
1604
750
361
2536
1990
1337
680
2615
1860
783
1935
1690
2853
2782
2205
1948
2952
796
520
1127
2236
736
724
382
2446
838
965
1874
342
988
683
2459
1646
1254
2902
1234
2645
12
611
1867
2218
545
1807
1812
2576
2344
264
2265
1469
27
583
1417
2241
2776
1648
2733
904
1135
1871
477
2753
1239
1786
1110
2301
855
2764
1771
1319
818
340
459
501
742
1296
842
581
2021
1564
2424
42
275
2951
2858
1930
532
393
1866
2262
2665
258
2657
1584
1058
1120
1578
1530
562
2221
2168
980
1495
1104
2245
780
2165
905
769
1113
1877
665
1575
2460
1122
104
2397
2484
1685
1762
1686
1910
1932
1986
2199
1514
2648
1355
2418
441
2926
2417
2664
2357
475
295
1012
1055
1331
2898
